32.602 -50.934 9.598 -64.048 -47.116 -31.113 -96.180 -58.114 -8.034 71.302 -68.498 46.791 63.591 -18.502 -31.999 -5.688 -3.320
-67.548 -54.233 67.251 84.238 -73.301 -70.634 -77.930 -78.366 22.853 -49.242 -54.611 9.705 -35.414 99.374 63.023 29.896 -83.342
54.443 -86.715 75.316 14.974 74.622 -94.595 -95.356 -82.019 69.723 -74.378 63.681
-25.978 -13.013 -38.775 23.807 45.033 52.439 -99.474 43.530 0.939 -7.777 95.295 64.872 -75.359
-10.531 -79.647 50.809 48.469 94.200 -57.420 -46.621 77.158 -57.644 -25.095 37.179 -38.334 21.273 99.392
30.510 -79.699 -24.746 -96.827 77.382 62.847 78.016 5.570 -94.804 -66.002 57.505 52.741 -30.461 -32.201 73.775 -17.655 -28.752 77.589 -98.801 83.078
-47.775 27.312 -73.052 -0.135 -41.340 76.033 -56.343 40.875 50.597 22.982 -51.131 53.881 -85.304 -24.961 95.585 -40.979 -37.408
-82.790 -20.677 -13.925 39.382 76.924 35.734 -77.836 47.969 -59.966 44.510 68.629 71.944 -3.565
-86.583 -52.410 -10.164 68.709 -52.950 54.705 26.778 -58.767 -35.172 -74.470 -98.467 -41.042 -85.366 88.945 -79.343 -81.258 -6.095 4.234 -86.732
-37.019 -47.263 -60.484 5.040 -82.668 4.442 -9.092 55.045 -29.713 58.321 -16.331 6.959 3.229 20.853 -5.890 38.286 30.684
21.806 -81.084 -53.102 41.793 -53.193 -57.064 82.871 25.431 -32.143 -63.255 1.538 -63.288 30.840 -92.051 34.258 -81.147
41.672 -70.926 -71.834 85.090 45.198 50.278 96.340 -83.604 -89.956 -52.090 87.820 6.840 34.973
-2.129 4.206 15.151 -92.611 -86.632 -21.023 -82.940 -22.371 -99.340 27.617 -51.600 -28.678
-44.274 -98.416 33.193 98.961 -39.115 -100.793 80.488 -11.608 1.516 96.351 -3.699 -58.158 -35.490
-2.824 -33.210 72.200 -12.809 79.063 53.782 20.564 -38.901 -50.319 -46.945 -68.455 -93.806 22.054 84.579 45.496
-95.176 74.229 97.788 76.722 -35.542 -52.739 -61.188 -45.274 -26.921 -49.645 37.857 -72.549 51.446 28.119 -50.247 -8.437 88.506 -19.991 -44.724 74.908
-7.121 -76.743 -11.244 -1.533 -24.540 18.679 30.147 55.297 -44.430 -29.737 75.546
-90.563 39.009 -26.533 -25.958 77.868 -76.959 -25.051 90.645 -57.116 -96.004 46.984 5.258 38.052
52.539 -84.860 -16.811 -40.138 -6.958 -49.020 0.358 -66.696 98.040 -53.200 32.940 60.585
10.106 -27.493 -25.900 -22.898 -20.105 -29.293 -15.181 -87.296 3.023 15.800 48.332 -22.143 -81.787